11.1222
0.477992
0.0302441
0.00454275
0.00150056
0.000714124
0.000398589
0.000241551
0.000153847
0.00010139
6.85522e-05
4.7298e-05
3.3179e-05
2.35998e-05
1.69856e-05
1.23502e-05
9.05975e-06
6.69805e-06
4.9864e-06
3.73521e-06
2.81361e-06
2.13013e-06
1.62014e-06
1.23747e-06
9.48874e-07
7.30219e-07
5.63845e-07
4.36751e-07
3.39307e-07
2.6434e-07
2.0648e-07
1.61688e-07
1.26915e-07
9.98459e-08
7.87204e-08
6.2193e-08
4.92329e-08
3.90475e-08
3.10255e-08
2.46945e-08
1.96883e-08
1.57221e-08
1.25741e-08
1.00713e-08
8.07807e-09
6.48806e-09
5.21776e-09
4.20136e-09
3.38697e-09
2.73352e-09
2.20853e-09
1.78621e-09
1.44607e-09
1.1718e-09
9.50403e-10
7.71492e-10
6.26768e-10
5.09587e-10
4.14618e-10
3.37584e-10
2.75045e-10
2.24233e-10
1.82917e-10
1.49299e-10
1.21925e-10
9.96216e-11
8.14374e-11
6.66031e-11
5.44948e-11
4.46062e-11
3.65264e-11
2.99212e-11
2.45192e-11
2.00991e-11
1.64811e-11
1.35184e-11
1.10915e-11
9.1027e-12
7.47243e-12
6.13563e-12
5.03913e-12
4.1395e-12
3.40117e-12
2.79508e-12
2.29742e-12
1.88871e-12
1.55296e-12
1.2771e-12
1.05039e-12
8.64058e-13
7.10872e-13
5.84919e-13
4.81341e-13
3.9615e-13
3.26072e-13
2.68418e-13
2.2098e-13
1.81942e-13
1.49814e-13
1.2337e-13
1.01601e-13
8.36797e-14
6.89244e-14
