0.282353 0.282353
0.225882 0.0564706
0.237176 0.237176
0.234918 0.0926118
0.235369 0.208264
0.235279 0.115742
0.235297 0.189759
0.235294 0.130546
0.235294 0.177917
0.235294 0.14002
0.235294 0.170337
0.235294 0.146083
0.235294 0.165486
0.235294 0.149964
0.235294 0.162382
0.235294 0.152447
0.235294 0.160395
0.235294 0.154037
0.235294 0.159123
0.235294 0.155054
0.235294 0.15831
0.235294 0.155705
0.235294 0.157789
0.235294 0.156122
0.235294 0.157455
0.235294 0.156389
0.235294 0.157242
0.235294 0.156559
0.235294 0.157105
0.235294 0.156669
0.235294 0.157018
0.235294 0.156738
0.235294 0.156962
0.235294 0.156783
0.235294 0.156926
0.235294 0.156812
0.235294 0.156903
0.235294 0.15683
0.235294 0.156889
0.235294 0.156842
0.235294 0.156879
0.235294 0.156849
0.235294 0.156873
0.235294 0.156854
0.235294 0.15687
0.235294 0.156857
0.235294 0.156867
0.235294 0.156859
0.235294 0.156866
0.235294 0.156861
0.235294 0.156865
0.235294 0.156861
0.235294 0.156864
0.235294 0.156862
0.235294 0.156863
0.235294 0.156862
0.235294 0.156863
0.235294 0.156862
0.235294 0.156863
0.235294 0.156863
0.235294 0.156863
0.235294 0.156863
0.235294 0.156863
0.235294 0.156863
0.235294 0.156863
0.235294 0.156863
0.235294 0.156863
0.235294 0.156863
0.235294 0.156863
0.235294 0.156863
0.235294 0.156863
0.235294 0.156863
0.235294 0.156863
0.235294 0.156863
0.235294 0.156863
