270.204
252.633
236.206
220.85
206.493
193.071
180.524
168.793
157.826
147.573
137.987
129.025
120.646
112.813
105.489
98.6417
92.2399
86.2544
80.6582
75.4259
70.5338
65.9598
61.6831
57.6844
53.9456
50.4497
47.181
44.1247
41.2668
38.5946
36.096
33.7595
31.5748
29.5319
27.6215
25.8352
24.1647
22.6026
21.1419
19.7759
18.4984
17.3038
16.1866
15.1418
14.1647
13.2509
12.3964
11.5971
10.8496
10.1505
9.49667
8.88513
8.31316
7.77818
7.27781
6.80979
6.37202
5.96254
5.57952
5.22125
4.88611
4.57261
4.27935
4.00501
3.74837
3.50828
3.28368
3.07355
2.87697
2.69305
2.52098
2.35998
2.20935
2.06841
1.93654
1.81314
1.69768
1.58964
1.48853
1.39392
1.30538
1.22253
1.14498
1.07241
1.00449
0.940921
0.881421
0.825729
0.7736
0.724804
0.679127
0.636368
0.596338
0.558864
0.523779
0.490931
0.460176
0.431379
0.404415
0.379166
0.355522
0.333379
0.312642
0.293221
0.275031
0.257994
0.242035
0.227085
0.213081
0.199961
0.18767
0.176153
0.165362
0.155251
0.145775
0.136895
0.128573
0.120772
0.11346
0.106607
0.100181
0.0941574
0.0885093
0.0832134
0.0782471
0.0735897
0.0692215
0.0651243
0.061281
0.0576754
0.0542925
0.0511184
0.0481398
0.0453444
0.0427207
0.0402579
0.0379459
0.0357752
0.0337369
0.0318227
0.030025
0.0283363
0.0267499
0.0252594
0.0238587
0.0225424
0.0213051
0.020142
0.0190484
0.0180201
0.0170529
0.0161431
0.0152872
0.0144818
0.0137238
0.0130103
0.0123386
0.0117061
0.0111104
0.0105492
0.0100205
0.00952223
0.00905257
0.00860978
0.00819222
0.00779838
0.00742681
0.00707618
0.00674522
0.00643275
0.00613766
0.00585891
0.00559553
0.0053466
0.00511126
0.00488871
0.00467818
0.00447898
0.00429043
0.0041119
0.00394282
0.00378263
0.00363081
0.00348688
0.00335037
0.00322087
0.00309796
0.00298128
0.00287046
0.00276517
0.0026651
0.00256995
0.00247944
0.00239332
0.00231133
0.00223325
0.00215887
0.00208797
0.00202037
0.00195588
0.00189434
0.00183558
0.00177946
0.00172583
0.00167457
0.00162553
0.00157861
0.0015337
0.00149069
0.00144947
0.00140996
0.00137208
0.00133573
0.00130083
0.00126732
0.00123513
0.00120418
0.00117443
0.0011458
0.00111824
0.0010917
0.00106614
0.0010415
0.00101774
0.000994826
0.000972708
0.000951352
0.000930724
0.000910791
0.00089152
0.000872882
0.000854848
0.000837393
0.000820489
0.000804114
0.000788245
0.000772859
0.000757937
0.000743458
0.000729405
0.00071576
0.000702506
0.000689628
0.000677109
0.000664937
0.000653097
0.000641576
0.000630363
0.000619445
0.000608811
0.000598451
0.000588355
0.000578512
0.000568914
0.000559552
0.000550418
0.000541503
0.0005328
0.000524301
0.000516001
0.000507891
0.000499966
0.000492219
0.000484645
0.000477239
0.000469994
0.000462906
0.000455969
0.00044918
0.000442534
0.000436025
0.000429651
0.000423408
0.00041729
0.000411295
0.00040542
0.00039966
0.000394013
0.000388475
0.000383043
0.000377715
0.000372488
0.000367359
0.000362325
0.000357384
0.000352534
0.000347771
0.000343095
0.000338502
0.000333991
0.00032956
0.000325207
0.000320929
0.000316725
0.000312593
0.000308532
0.00030454
0.000300615
0.000296756
0.000292961
0.000289228
0.000285557
0.000281946
0.000278394
0.000274899
0.00027146
0.000268076
0.000264746
0.000261468
0.000258242
0.000255067
0.00025194
0.000248862
0.000245832
0.000242847
0.000239909
0.000237015
0.000234164
0.000231356
0.000228591
0.000225866
0.000223182
0.000220537
0.000217932
0.000215364
0.000212834
0.00021034
0.000207883
0.00020546
0.000203073
0.000200719
0.000198399
0.000196112
0.000193857
0.000191633
0.000189441
0.000187279
0.000185147
0.000183045
0.000180972
0.000178927
0.00017691
0.000174921
0.000172958
0.000171022
0.000169113
0.000167229
0.00016537
0.000163536
0.000161727
0.000159941
0.000158179
0.000156441
0.000154725
0.000153032
0.000151361
0.000149711
0.000148084
0.000146477
0.000144891
0.000143325
0.000141779
0.000140254
0.000138747
0.00013726
0.000135792
0.000134342
0.000132911
0.000131498
0.000130102
0.000128724
0.000127363
0.000126019
0.000124692
0.000123381
0.000122087
0.000120808
0.000119545
0.000118298
0.000117066
0.000115849
0.000114647
0.000113459
0.000112286
0.000111127
0.000109982
0.00010885
0.000107733
0.000106628
0.000105537
0.000104459
0.000103394
0.000102341
0.000101301
0.000100273
9.92574e-05
9.82536e-05
9.72616e-05
9.62812e-05
9.53123e-05
9.43547e-05
9.34082e-05
9.24727e-05
9.15481e-05
9.06341e-05
8.97308e-05
8.88378e-05
8.79551e-05
8.70825e-05
8.62199e-05
8.53671e-05
8.45241e-05
8.36907e-05
8.28667e-05
8.20521e-05
8.12467e-05
8.04504e-05
7.96631e-05
7.88847e-05
7.81149e-05
7.73538e-05
7.66013e-05
7.58571e-05
7.51212e-05
7.43935e-05
7.36739e-05
7.29622e-05
7.22585e-05
7.15625e-05
7.08742e-05
7.01934e-05
6.95202e-05
6.88543e-05
6.81957e-05
6.75443e-05
6.69e-05
6.62627e-05
6.56323e-05
6.50088e-05
6.43921e-05
6.3782e-05
6.31785e-05
6.25815e-05
6.19909e-05
6.14067e-05
6.08287e-05
6.02569e-05
5.96912e-05
5.91316e-05
5.85779e-05
5.80302e-05
5.74882e-05
5.6952e-05
5.64214e-05
5.58965e-05
5.53771e-05
5.48632e-05
5.43546e-05
5.38515e-05
5.33536e-05
5.28609e-05
5.23733e-05
5.18909e-05
5.14134e-05
5.0941e-05
5.04734e-05
5.00107e-05
4.95528e-05
4.90996e-05
4.86511e-05
4.82073e-05
4.7768e-05
4.73332e-05
4.69029e-05
4.64769e-05
4.60554e-05
4.56381e-05
4.52252e-05
4.48164e-05
4.44118e-05
4.40113e-05
4.36148e-05
4.32224e-05
4.28339e-05
4.24494e-05
4.20688e-05
4.16919e-05
4.13189e-05
4.09497e-05
4.05841e-05
4.02222e-05
3.98639e-05
3.95092e-05
3.9158e-05
3.88104e-05
3.84662e-05
3.81254e-05
3.7788e-05
3.74539e-05
3.71232e-05
3.67957e-05
3.64714e-05
3.61504e-05
3.58325e-05
3.55177e-05
3.52061e-05
3.48974e-05
3.45919e-05
3.42893e-05
3.39896e-05
3.36929e-05
3.33991e-05
3.31081e-05
3.282e-05
3.25346e-05
3.2252e-05
3.19722e-05
3.16951e-05
3.14206e-05
3.11488e-05
3.08796e-05
3.0613e-05
3.0349e-05
3.00875e-05
2.98285e-05
2.9572e-05
2.93179e-05
2.90663e-05
2.88171e-05
2.85702e-05
2.83257e-05
2.80835e-05
2.78437e-05
2.76061e-05
2.73707e-05
2.71376e-05
2.69067e-05
2.66779e-05
2.64514e-05
2.62269e-05
2.60046e-05
2.57843e-05
2.55662e-05
2.535e-05
2.51359e-05
2.49238e-05
2.47137e-05
2.45055e-05
2.42993e-05
2.4095e-05
2.38926e-05
2.36921e-05
2.34935e-05
2.32966e-05
2.31017e-05
2.29085e-05
2.27171e-05
2.25274e-05
2.23395e-05
2.21534e-05
2.1969e-05
2.17862e-05
2.16051e-05
2.14257e-05
2.1248e-05
2.10718e-05
2.08973e-05
2.07244e-05
2.0553e-05
2.03832e-05
2.0215e-05
2.00483e-05
1.98831e-05
1.97194e-05
1.95572e-05
1.93964e-05
1.92371e-05
1.90793e-05
1.89228e-05
1.87678e-05
1.86142e-05
1.8462e-05
1.83111e-05
1.81616e-05
1.80134e-05
1.78666e-05
1.7721e-05
1.75768e-05
1.74339e-05
1.72922e-05
1.71518e-05
1.70127e-05
1.68748e-05
1.67381e-05
1.66026e-05
1.64684e-05
1.63353e-05
1.62034e-05
1.60727e-05
1.59431e-05
1.58147e-05
1.56874e-05
1.55612e-05
1.54362e-05
1.53122e-05
1.51894e-05
1.50676e-05
1.49469e-05
1.48272e-05
1.47086e-05
1.4591e-05
1.44745e-05
1.43589e-05
1.42444e-05
1.41309e-05
1.40184e-05
1.39068e-05
1.37962e-05
1.36866e-05
1.35779e-05
1.34702e-05
1.33634e-05
1.32576e-05
1.31526e-05
1.30486e-05
1.29454e-05
1.28431e-05
1.27418e-05
1.26413e-05
1.25416e-05
1.24428e-05
1.23449e-05
1.22478e-05
1.21515e-05
1.20561e-05
1.19615e-05
1.18677e-05
1.17747e-05
1.16824e-05
1.1591e-05
1.15004e-05
1.14105e-05
1.13214e-05
1.1233e-05
1.11454e-05
1.10585e-05
1.09724e-05
1.0887e-05
1.08023e-05
1.07184e-05
1.06351e-05
1.05526e-05
1.04707e-05
1.03895e-05
1.03091e-05
1.02293e-05
1.01501e-05
1.00717e-05
9.99386e-06
9.9167e-06
9.84019e-06
9.76433e-06
9.68909e-06
9.61449e-06
9.54051e-06
9.46714e-06
9.39439e-06
9.32224e-06
9.2507e-06
9.17975e-06
9.10938e-06
9.03961e-06
8.97041e-06
8.90179e-06
8.83373e-06
8.76624e-06
8.69931e-06
8.63293e-06
8.5671e-06
8.50181e-06
8.43706e-06
8.37284e-06
8.30915e-06
8.24599e-06
8.18335e-06
8.12122e-06
8.0596e-06
7.99849e-06
7.93787e-06
7.87776e-06
7.81813e-06
7.759e-06
7.70034e-06
7.64217e-06
7.58447e-06
7.52724e-06
7.47048e-06
7.41418e-06
7.35833e-06
7.30295e-06
7.24801e-06
7.19352e-06
7.13947e-06
7.08585e-06
7.03268e-06
6.97993e-06
6.92761e-06
6.87571e-06
6.82423e-06
6.77317e-06
6.72252e-06
6.67227e-06
6.62244e-06
6.573e-06
6.52396e-06
6.47531e-06
6.42706e-06
6.37919e-06
6.33171e-06
6.28461e-06
6.23788e-06
6.19153e-06
6.14555e-06
6.09993e-06
6.05468e-06
6.0098e-06
5.96527e-06
5.92109e-06
5.87727e-06
5.83379e-06
5.79066e-06
5.74788e-06
5.70543e-06
5.66332e-06
5.62155e-06
5.5801e-06
5.53899e-06
5.4982e-06
5.45773e-06
5.41758e-06
5.37775e-06
5.33824e-06
5.29903e-06
5.26014e-06
5.22155e-06
5.18326e-06
5.14528e-06
5.1076e-06
5.07021e-06
5.03311e-06
4.99631e-06
4.95979e-06
4.92356e-06
4.88762e-06
4.85195e-06
4.81657e-06
4.78146e-06
4.74663e-06
4.71207e-06
4.67777e-06
4.64375e-06
4.60999e-06
4.57649e-06
4.54326e-06
4.51028e-06
4.47756e-06
4.44509e-06
4.41288e-06
4.38091e-06
4.3492e-06
4.31773e-06
4.2865e-06
4.25551e-06
4.22477e-06
4.19426e-06
4.16399e-06
4.13395e-06
4.10414e-06
4.07456e-06
4.04521e-06
4.01609e-06
3.98719e-06
3.95852e-06
3.93006e-06
3.90182e-06
3.8738e-06
3.846e-06
3.8184e-06
3.79102e-06
3.76385e-06
3.73689e-06
3.71013e-06
3.68358e-06
3.65723e-06
3.63108e-06
3.60513e-06
3.57938e-06
3.55383e-06
3.52847e-06
3.5033e-06
3.47833e-06
3.45354e-06
3.42895e-06
3.40454e-06
3.38031e-06
3.35627e-06
3.33242e-06
3.30874e-06
3.28524e-06
3.26192e-06
3.23878e-06
3.21581e-06
3.19302e-06
3.17039e-06
3.14794e-06
3.12566e-06
3.10355e-06
3.0816e-06
3.05982e-06
3.0382e-06
3.01674e-06
2.99545e-06
2.97431e-06
2.95334e-06
2.93252e-06
2.91186e-06
2.89135e-06
2.871e-06
2.8508e-06
2.83075e-06
2.81085e-06
2.7911e-06
2.7715e-06
2.75204e-06
2.73273e-06
2.71357e-06
2.69454e-06
2.67566e-06
2.65692e-06
2.63832e-06
2.61986e-06
2.60153e-06
2.58334e-06
2.56529e-06
2.54737e-06
2.52958e-06
2.51192e-06
2.4944e-06
2.47701e-06
2.45974e-06
2.4426e-06
2.42559e-06
2.40871e-06
2.39195e-06
2.37531e-06
2.3588e-06
2.34241e-06
2.32614e-06
2.30999e-06
2.29395e-06
2.27804e-06
2.26224e-06
2.24656e-06
2.231e-06
2.21555e-06
2.20021e-06
2.18499e-06
2.16988e-06
2.15487e-06
2.13998e-06
2.1252e-06
2.11053e-06
2.09596e-06
2.0815e-06
2.06715e-06
2.0529e-06
2.03875e-06
2.02471e-06
2.01077e-06
1.99693e-06
1.9832e-06
1.96956e-06
1.95602e-06
1.94258e-06
1.92924e-06
1.916e-06
1.90285e-06
1.8898e-06
1.87684e-06
1.86398e-06
1.85121e-06
1.83853e-06
1.82595e-06
1.81345e-06
1.80105e-06
1.78874e-06
1.77651e-06
1.76438e-06
1.75233e-06
1.74037e-06
1.72849e-06
1.7167e-06
1.705e-06
1.69338e-06
1.68184e-06
1.67039e-06
1.65902e-06
1.64773e-06
1.63652e-06
1.6254e-06
1.61435e-06
1.60338e-06
1.59249e-06
1.58168e-06
1.57095e-06
1.5603e-06
1.54972e-06
1.53921e-06
1.52878e-06
1.51843e-06
1.50815e-06
1.49795e-06
1.48781e-06
1.47775e-06
1.46776e-06
1.45785e-06
1.448e-06
1.43822e-06
1.42852e-06
1.41888e-06
1.40931e-06
1.39981e-06
1.39038e-06
1.38101e-06
1.37171e-06
1.36248e-06
1.35331e-06
1.34421e-06
1.33517e-06
1.32619e-06
1.31728e-06
1.30844e-06
1.29965e-06
1.29093e-06
1.28227e-06
1.27367e-06
1.26513e-06
1.25666e-06
1.24824e-06
1.23988e-06
1.23158e-06
1.22334e-06
1.21516e-06
1.20703e-06
1.19896e-06
1.19095e-06
1.183e-06
1.1751e-06
1.16726e-06
1.15947e-06
1.15174e-06
1.14406e-06
1.13643e-06
1.12886e-06
1.12134e-06
1.11388e-06
1.10647e-06
1.0991e-06
1.0918e-06
1.08454e-06
1.07733e-06
1.07017e-06
1.06307e-06
1.05601e-06
1.049e-06
1.04204e-06
1.03513e-06
1.02827e-06
1.02146e-06
1.01469e-06
1.00797e-06
1.0013e-06
9.94673e-07
9.88094e-07
9.8156e-07
9.75071e-07
9.68628e-07
9.62229e-07
9.55875e-07
9.49565e-07
9.43299e-07
9.37076e-07
9.30897e-07
9.2476e-07
9.18666e-07
9.12614e-07
9.06605e-07
9.00636e-07
8.94709e-07
8.88824e-07
8.82978e-07
8.77174e-07
8.71409e-07
8.65684e-07
8.59999e-07
8.54353e-07
8.48746e-07
8.43177e-07
8.37647e-07
8.32156e-07
8.26702e-07
8.21285e-07
8.15906e-07
8.10564e-07
8.05258e-07
7.9999e-07
7.94757e-07
7.8956e-07
7.84399e-07
7.79274e-07
7.74183e-07
7.69128e-07
7.64107e-07
7.5912e-07
7.54168e-07
7.4925e-07
7.44365e-07
7.39514e-07
7.34696e-07
7.29911e-07
7.25159e-07
7.20439e-07
7.15752e-07
7.11096e-07
7.06472e-07
7.0188e-07
6.97319e-07
6.92789e-07
6.88291e-07
6.83822e-07
6.79385e-07
6.74977e-07
6.70599e-07
6.66252e-07
6.61933e-07
6.57645e-07
6.53385e-07
6.49154e-07
6.44952e-07
6.40779e-07
6.36634e-07
6.32517e-07
6.28427e-07
6.24366e-07
6.20332e-07
6.16326e-07
6.12346e-07
6.08394e-07
6.04468e-07
6.00569e-07
5.96696e-07
5.9285e-07
5.89029e-07
5.85234e-07
5.81465e-07
5.77721e-07
5.74003e-07
5.7031e-07
5.66641e-07
5.62997e-07
5.59378e-07
5.55783e-07
5.52213e-07
5.48666e-07
5.45144e-07
5.41645e-07
5.38169e-07
5.34717e-07
5.31288e-07
5.27882e-07
5.24499e-07
5.21139e-07
5.17801e-07
5.14486e-07
5.11193e-07
5.07922e-07
5.04673e-07
5.01445e-07
4.98239e-07
4.95055e-07
4.91892e-07
4.8875e-07
4.8563e-07
4.8253e-07
4.7945e-07
4.76392e-07
4.73353e-07
4.70335e-07
4.67338e-07
4.6436e-07
4.61402e-07
4.58464e-07
4.55545e-07
4.52646e-07
4.49766e-07
4.46905e-07
4.44063e-07
4.41241e-07
4.38437e-07
4.35651e-07
4.32884e-07
4.30136e-07
4.27406e-07
4.24693e-07
4.21999e-07
4.19323e-07
4.16665e-07
4.14024e-07
4.11401e-07
4.08795e-07
4.06206e-07
4.03634e-07
4.0108e-07
3.98542e-07
3.96021e-07
3.93517e-07
3.9103e-07
3.88558e-07
3.86104e-07
3.83665e-07
3.81242e-07
3.78836e-07
3.76445e-07
3.7407e-07
3.71711e-07
3.69368e-07
3.67039e-07
3.64726e-07
3.62429e-07
3.60146e-07
3.57879e-07
3.55626e-07
3.53388e-07
3.51165e-07
3.48957e-07
3.46763e-07
3.44583e-07
3.42418e-07
3.40267e-07
3.3813e-07
3.36007e-07
3.33898e-07
3.31803e-07
3.29722e-07
3.27654e-07
3.256e-07
3.23559e-07
3.21532e-07
3.19518e-07
3.17517e-07
3.15529e-07
3.13554e-07
3.11592e-07
3.09643e-07
3.07707e-07
3.05783e-07
3.03872e-07
3.01973e-07
3.00086e-07
2.98212e-07
2.96351e-07
2.94501e-07
2.92663e-07
2.90837e-07
2.89024e-07
2.87222e-07
2.85431e-07
2.83653e-07
2.81886e-07
2.8013e-07
2.78386e-07
2.76653e-07
2.74932e-07
2.73221e-07
2.71522e-07
2.69834e-07
2.68156e-07
2.6649e-07
2.64834e-07
2.63189e-07
2.61555e-07
2.59932e-07
2.58318e-07
2.56716e-07
2.55123e-07
2.53541e-07
2.5197e-07
2.50408e-07
2.48857e-07
2.47315e-07
2.45783e-07
2.44262e-07
2.4275e-07
2.41248e-07
2.39756e-07
2.38273e-07
2.368e-07
2.35336e-07
2.33882e-07
2.32437e-07
2.31001e-07
2.29575e-07
2.28158e-07
2.2675e-07
2.25351e-07
2.23961e-07
2.2258e-07
2.21207e-07
2.19844e-07
2.18489e-07
2.17144e-07
2.15806e-07
2.14478e-07
2.13158e-07
2.11846e-07
2.10543e-07
2.09248e-07
2.07961e-07
2.06683e-07
2.05412e-07
2.0415e-07
2.02896e-07
2.01651e-07
2.00413e-07
1.99183e-07
1.9796e-07
1.96746e-07
1.95539e-07
1.9434e-07
1.93149e-07
1.91966e-07
1.90789e-07
1.89621e-07
1.8846e-07
1.87306e-07
1.8616e-07
1.85021e-07
1.83889e-07
1.82764e-07
1.81647e-07
1.80536e-07
1.79433e-07
1.78337e-07
1.77248e-07
1.76165e-07
1.7509e-07
1.74021e-07
1.7296e-07
1.71904e-07
1.70856e-07
1.69814e-07
1.68779e-07
1.67751e-07
1.66729e-07
1.65713e-07
1.64704e-07
1.63701e-07
1.62705e-07
1.61715e-07
1.60731e-07
1.59754e-07
1.58782e-07
1.57817e-07
1.56858e-07
1.55905e-07
1.54958e-07
1.54017e-07
1.53082e-07
1.52153e-07
1.5123e-07
1.50312e-07
1.494e-07
1.48495e-07
1.47594e-07
1.467e-07
1.45811e-07
1.44928e-07
1.4405e-07
1.43178e-07
1.42311e-07
1.4145e-07
1.40594e-07
1.39744e-07
1.38899e-07
1.38059e-07
1.37224e-07
1.36395e-07
1.35571e-07
1.34752e-07
1.33939e-07
1.3313e-07
1.32326e-07
1.31528e-07
1.30735e-07
1.29946e-07
1.29162e-07
1.28384e-07
1.2761e-07
1.26841e-07
1.26077e-07
1.25318e-07
1.24563e-07
1.23814e-07
1.23068e-07
1.22328e-07
1.21592e-07
1.20861e-07
1.20134e-07
1.19412e-07
1.18695e-07
1.17981e-07
1.17273e-07
1.16568e-07
1.15869e-07
1.15173e-07
1.14482e-07
1.13795e-07
1.13113e-07
1.12434e-07
1.1176e-07
1.1109e-07
1.10425e-07
1.09763e-07
1.09106e-07
1.08452e-07
1.07803e-07
1.07158e-07
1.06517e-07
1.05879e-07
1.05246e-07
1.04617e-07
1.03991e-07
1.0337e-07
1.02752e-07
1.02138e-07
1.01528e-07
1.00922e-07
1.0032e-07
9.97208e-08
9.91258e-08
9.85344e-08
9.79467e-08
9.73627e-08
9.67822e-08
9.62054e-08
9.56321e-08
9.50624e-08
9.44962e-08
9.39335e-08
9.33743e-08
9.28185e-08
9.22662e-08
9.17173e-08
9.11718e-08
9.06296e-08
9.00908e-08
8.95553e-08
8.90232e-08
8.84943e-08
8.79686e-08
8.74463e-08
8.69271e-08
8.64111e-08
8.58984e-08
8.53887e-08
8.48822e-08
8.43789e-08
8.38786e-08
8.33814e-08
8.28873e-08
8.23962e-08
8.19081e-08
8.1423e-08
8.0941e-08
8.04618e-08
7.99857e-08
7.95124e-08
7.9042e-08
7.85746e-08
7.811e-08
7.76482e-08
7.71893e-08
7.67332e-08
7.62799e-08
7.58294e-08
7.53816e-08
7.49366e-08
7.44943e-08
7.40548e-08
7.36179e-08
7.31836e-08
7.27521e-08
7.23232e-08
7.18969e-08
7.14732e-08
7.10521e-08
7.06336e-08
7.02176e-08
6.98042e-08
6.93933e-08
6.89849e-08
6.8579e-08
6.81756e-08
6.77746e-08
6.73761e-08
6.698e-08
6.65863e-08
6.61951e-08
6.58062e-08
6.54197e-08
6.50355e-08
6.46537e-08
6.42742e-08
6.3897e-08
6.35221e-08
6.31495e-08
6.27791e-08
6.24111e-08
6.20452e-08
6.16816e-08
6.13202e-08
6.09609e-08
6.06039e-08
6.0249e-08
5.98963e-08
5.95457e-08
5.91973e-08
5.88509e-08
5.85067e-08
5.81645e-08
5.78245e-08
5.74864e-08
5.71505e-08
5.68165e-08
5.64846e-08
5.61547e-08
5.58268e-08
5.55009e-08
5.5177e-08
5.4855e-08
5.4535e-08
5.42169e-08
5.39007e-08
5.35864e-08
5.3274e-08
5.29636e-08
5.26549e-08
5.23482e-08
5.20433e-08
5.17403e-08
5.1439e-08
5.11396e-08
5.0842e-08
5.05462e-08
5.02522e-08
4.99599e-08
4.96695e-08
4.93807e-08
4.90937e-08
4.88084e-08
4.85249e-08
4.8243e-08
4.79629e-08
4.76844e-08
4.74076e-08
4.71325e-08
4.6859e-08
4.65872e-08
4.6317e-08
4.60484e-08
4.57815e-08
4.55161e-08
4.52523e-08
4.49901e-08
4.47295e-08
4.44705e-08
4.4213e-08
4.39571e-08
4.37026e-08
4.34498e-08
4.31984e-08
4.29485e-08
4.27001e-08
4.24533e-08
4.22079e-08
4.19639e-08
4.17214e-08
4.14804e-08
4.12408e-08
4.10027e-08
4.0766e-08
4.05306e-08
4.02967e-08
4.00642e-08
3.98331e-08
3.96034e-08
3.9375e-08
3.9148e-08
3.89223e-08
3.8698e-08
3.84751e-08
3.82534e-08
3.80331e-08
3.78141e-08
3.75964e-08
3.738e-08
3.71649e-08
3.69511e-08
3.67385e-08
3.65272e-08
3.63172e-08
3.61084e-08
3.59009e-08
3.56946e-08
3.54895e-08
3.52856e-08
3.5083e-08
3.48816e-08
3.46813e-08
3.44823e-08
3.42844e-08
3.40877e-08
3.38921e-08
3.36978e-08
3.35046e-08
3.33125e-08
3.31215e-08
3.29317e-08
3.27431e-08
3.25555e-08
3.23691e-08
3.21837e-08
3.19995e-08
3.18163e-08
3.16343e-08
3.14533e-08
3.12734e-08
3.10945e-08
3.09167e-08
3.074e-08
3.05643e-08
3.03896e-08
3.0216e-08
3.00434e-08
2.98718e-08
2.97012e-08
2.95316e-08
2.93631e-08
2.91955e-08
2.90289e-08
2.88633e-08
2.86987e-08
2.85351e-08
2.83724e-08
2.82107e-08
2.80499e-08
2.78901e-08
2.77312e-08
2.75733e-08
2.74162e-08
2.72601e-08
2.7105e-08
2.69507e-08
2.67974e-08
2.66449e-08
2.64934e-08
2.63427e-08
2.61929e-08
2.6044e-08
2.5896e-08
2.57488e-08
2.56026e-08
2.54571e-08
2.53126e-08
2.51688e-08
2.50259e-08
2.48839e-08
2.47427e-08
2.46023e-08
2.44628e-08
2.4324e-08
2.41861e-08
2.4049e-08
2.39126e-08
2.37771e-08
2.36424e-08
2.35085e-08
2.33753e-08
2.32429e-08
2.31113e-08
2.29805e-08
2.28505e-08
2.27212e-08
2.25926e-08
2.24648e-08
2.23378e-08
2.22115e-08
2.20859e-08
2.19611e-08
2.18369e-08
2.17136e-08
2.15909e-08
2.1469e-08
2.13477e-08
2.12272e-08
2.11074e-08
2.09882e-08
2.08698e-08
2.07521e-08
2.0635e-08
2.05186e-08
2.0403e-08
2.02879e-08
2.01736e-08
2.00599e-08
1.99469e-08
1.98345e-08
1.97228e-08
1.96117e-08
1.95013e-08
1.93915e-08
1.92824e-08
1.91739e-08
1.9066e-08
1.89588e-08
1.88522e-08
1.87461e-08
1.86408e-08
1.8536e-08
1.84318e-08
1.83282e-08
1.82253e-08
1.81229e-08
1.80211e-08
1.792e-08
1.78194e-08
1.77193e-08
1.76199e-08
1.75211e-08
1.74228e-08
1.73251e-08
1.72279e-08
1.71313e-08
1.70353e-08
1.69398e-08
1.68449e-08
1.67505e-08
1.66567e-08
1.65634e-08
1.64707e-08
1.63784e-08
1.62868e-08
1.61956e-08
1.6105e-08
1.60149e-08
1.59253e-08
1.58363e-08
1.57477e-08
1.56597e-08
1.55721e-08
1.54851e-08
1.53986e-08
1.53126e-08
1.52271e-08
1.5142e-08
1.50575e-08
1.49734e-08
1.48898e-08
1.48067e-08
1.47241e-08
1.4642e-08
1.45603e-08
1.44791e-08
1.43984e-08
1.43181e-08
1.42383e-08
1.4159e-08
1.40801e-08
1.40017e-08
1.39237e-08
1.38461e-08
1.37691e-08
1.36924e-08
1.36162e-08
1.35404e-08
1.34651e-08
1.33902e-08
1.33157e-08
1.32417e-08
1.3168e-08
1.30948e-08
1.30221e-08
1.29497e-08
1.28777e-08
1.28062e-08
1.27351e-08
1.26644e-08
1.2594e-08
1.25241e-08
1.24546e-08
1.23855e-08
1.23168e-08
1.22485e-08
1.21805e-08
1.2113e-08
1.20458e-08
1.1979e-08
1.19126e-08
1.18466e-08
1.1781e-08
1.17157e-08
1.16508e-08
1.15863e-08
1.15222e-08
1.14584e-08
1.13949e-08
1.13319e-08
1.12692e-08
1.12068e-08
1.11448e-08
1.10832e-08
1.10219e-08
1.0961e-08
1.09004e-08
1.08402e-08
1.07803e-08
1.07207e-08
1.06615e-08
1.06026e-08
1.05441e-08
1.04858e-08
1.0428e-08
1.03704e-08
1.03132e-08
1.02563e-08
1.01997e-08
1.01434e-08
1.00875e-08
1.00319e-08
9.97657e-09
9.92158e-09
9.86691e-09
9.81254e-09
9.75848e-09
9.70473e-09
9.65128e-09
9.59814e-09
9.5453e-09
9.49275e-09
9.44051e-09
9.38856e-09
9.33691e-09
9.28554e-09
9.23447e-09
9.18369e-09
9.1332e-09
9.08299e-09
9.03307e-09
8.98343e-09
8.93407e-09
8.88498e-09
8.83618e-09
8.78765e-09
8.7394e-09
8.69142e-09
8.64371e-09
8.59627e-09
8.5491e-09
8.50219e-09
8.45555e-09
8.40918e-09
8.36306e-09
8.31721e-09
8.27161e-09
8.22627e-09
8.18119e-09
8.13636e-09
8.09179e-09
8.04746e-09
8.00339e-09
7.95956e-09
7.91598e-09
7.87265e-09
7.82956e-09
7.78671e-09
7.74411e-09
7.70174e-09
7.65962e-09
7.61773e-09
7.57607e-09
7.53465e-09
7.49346e-09
7.45251e-09
7.41178e-09
7.37129e-09
7.33102e-09
7.29098e-09
7.25116e-09
7.21157e-09
7.1722e-09
7.13305e-09
7.09412e-09
7.05541e-09
7.01691e-09
6.97864e-09
6.94057e-09
6.90272e-09
6.86509e-09
6.82766e-09
6.79044e-09
6.75344e-09
6.71664e-09
6.68004e-09
6.64365e-09
6.60747e-09
6.57148e-09
6.5357e-09
6.50012e-09
6.46474e-09
6.42956e-09
6.39457e-09
6.35978e-09
6.32519e-09
6.29078e-09
6.25657e-09
6.22255e-09
6.18873e-09
6.15509e-09
6.12163e-09
6.08837e-09
6.05529e-09
6.0224e-09
5.98969e-09
5.95716e-09
5.92481e-09
5.89265e-09
5.86066e-09
5.82885e-09
5.79722e-09
5.76577e-09
5.73449e-09
5.70339e-09
5.67246e-09
5.6417e-09
5.61111e-09
5.5807e-09
5.55045e-09
5.52037e-09
5.49046e-09
5.46072e-09
5.43114e-09
5.40172e-09
5.37247e-09
5.34338e-09
5.31446e-09
5.28569e-09
5.25709e-09
5.22864e-09
5.20036e-09
5.17223e-09
5.14425e-09
5.11643e-09
5.08877e-09
5.06126e-09
5.0339e-09
5.00669e-09
4.97964e-09
4.95274e-09
4.92598e-09
4.89937e-09
4.87291e-09
4.8466e-09
4.82044e-09
4.79441e-09
4.76854e-09
4.7428e-09
4.71721e-09
4.69176e-09
4.66646e-09
4.64129e-09
4.61626e-09
4.59137e-09
4.56662e-09
4.542e-09
4.51752e-09
4.49318e-09
4.46897e-09
4.4449e-09
4.42096e-09
4.39715e-09
4.37347e-09
4.34992e-09
4.32651e-09
4.30322e-09
4.28006e-09
4.25703e-09
4.23413e-09
4.21135e-09
4.1887e-09
4.16617e-09
4.14377e-09
4.12149e-09
4.09934e-09
4.07731e-09
4.0554e-09
4.03361e-09
4.01194e-09
3.99039e-09
3.96895e-09
3.94764e-09
3.92644e-09
3.90536e-09
3.8844e-09
3.86355e-09
3.84282e-09
3.8222e-09
3.8017e-09
3.78131e-09
3.76103e-09
3.74086e-09
3.7208e-09
3.70085e-09
3.68101e-09
3.66129e-09
3.64167e-09
3.62215e-09
3.60275e-09
3.58345e-09
3.56426e-09
3.54517e-09
3.52619e-09
3.50731e-09
3.48854e-09
3.46987e-09
3.4513e-09
3.43284e-09
3.41447e-09
3.39621e-09
3.37804e-09
3.35998e-09
3.34201e-09
3.32415e-09
3.30638e-09
3.28871e-09
3.27113e-09
3.25365e-09
3.23627e-09
3.21898e-09
3.20179e-09
3.18469e-09
3.16769e-09
3.15078e-09
3.13396e-09
3.11723e-09
3.1006e-09
3.08405e-09
3.0676e-09
3.05124e-09
3.03496e-09
3.01878e-09
3.00268e-09
2.98667e-09
2.97075e-09
2.95491e-09
2.93917e-09
2.9235e-09
2.90793e-09
2.89244e-09
2.87703e-09
2.86171e-09
2.84647e-09
2.83131e-09
2.81624e-09
2.80125e-09
2.78634e-09
2.77151e-09
2.75677e-09
2.7421e-09
2.72751e-09
2.71301e-09
2.69858e-09
2.68423e-09
2.66996e-09
2.65577e-09
2.64165e-09
2.62761e-09
2.61365e-09
2.59976e-09
2.58595e-09
2.57222e-09
2.55855e-09
2.54497e-09
2.53146e-09
2.51802e-09
2.50465e-09
2.49136e-09
2.47814e-09
2.46499e-09
2.45191e-09
2.4389e-09
2.42597e-09
2.4131e-09
2.4003e-09
2.38758e-09
2.37492e-09
2.36233e-09
2.34981e-09
2.33736e-09
2.32497e-09
2.31266e-09
2.30041e-09
2.28822e-09
2.2761e-09
2.26405e-09
2.25206e-09
2.24014e-09
2.22828e-09
2.21649e-09
2.20476e-09
2.1931e-09
2.18149e-09
2.16995e-09
2.15848e-09
2.14706e-09
2.13571e-09
2.12442e-09
2.11319e-09
2.10202e-09
2.09091e-09
2.07986e-09
2.06887e-09
2.05794e-09
2.04707e-09
2.03625e-09
2.0255e-09
2.0148e-09
2.00417e-09
1.99359e-09
1.98306e-09
1.9726e-09
1.96219e-09
1.95183e-09
1.94154e-09
1.93129e-09
1.92111e-09
1.91098e-09
1.9009e-09
1.89088e-09
1.88091e-09
1.87099e-09
1.86113e-09
1.85132e-09
1.84157e-09
1.83186e-09
1.82221e-09
1.81262e-09
1.80307e-09
1.79357e-09
1.78413e-09
1.77474e-09
1.76539e-09
1.7561e-09
1.74686e-09
1.73767e-09
1.72852e-09
1.71943e-09
1.71039e-09
1.70139e-09
1.69244e-09
1.68354e-09
1.67469e-09
1.66589e-09
1.65713e-09
1.64842e-09
1.63976e-09
1.63114e-09
1.62257e-09
1.61404e-09
1.60557e-09
1.59713e-09
1.58875e-09
1.5804e-09
1.57211e-09
1.56385e-09
1.55564e-09
1.54748e-09
1.53936e-09
1.53128e-09
1.52325e-09
1.51526e-09
1.50731e-09
1.4994e-09
1.49154e-09
1.48372e-09
1.47594e-09
1.4682e-09
1.46051e-09
1.45285e-09
1.44524e-09
1.43767e-09
1.43013e-09
1.42264e-09
1.41519e-09
1.40778e-09
1.40041e-09
1.39307e-09
1.38578e-09
1.37853e-09
1.37131e-09
1.36413e-09
1.35699e-09
1.34989e-09
1.34283e-09
1.33581e-09
1.32882e-09
1.32187e-09
1.31496e-09
1.30808e-09
1.30124e-09
1.29444e-09
1.28767e-09
1.28094e-09
1.27425e-09
1.26759e-09
1.26097e-09
1.25438e-09
1.24783e-09
1.24131e-09
1.23483e-09
1.22838e-09
1.22197e-09
1.21559e-09
1.20924e-09
1.20293e-09
1.19665e-09
1.19041e-09
1.1842e-09
1.17802e-09
1.17187e-09
1.16576e-09
1.15968e-09
1.15363e-09
1.14762e-09
1.14163e-09
1.13568e-09
1.12976e-09
1.12387e-09
1.11802e-09
1.11219e-09
1.1064e-09
1.10063e-09
1.0949e-09
1.0892e-09
1.08352e-09
1.07788e-09
1.07227e-09
1.06669e-09
1.06114e-09
1.05561e-09
1.05012e-09
1.04465e-09
1.03922e-09
1.03381e-09
1.02843e-09
1.02308e-09
1.01776e-09
1.01247e-09
1.0072e-09
1.00197e-09
9.96759e-10
9.91577e-10
9.86423e-10
9.81297e-10
9.76197e-10
9.71125e-10
9.6608e-10
9.61061e-10
9.56069e-10
9.51103e-10
9.46164e-10
9.41251e-10
9.36364e-10
9.31502e-10
9.26667e-10
9.21857e-10
9.17073e-10
9.12314e-10
9.0758e-10
9.02871e-10
8.98187e-10
8.93528e-10
8.88894e-10
8.84284e-10
8.79698e-10
8.75137e-10
8.706e-10
8.66087e-10
8.61598e-10
8.57132e-10
8.5269e-10
8.48272e-10
8.43877e-10
8.39505e-10
8.35156e-10
8.3083e-10
8.26527e-10
8.22247e-10
8.1799e-10
8.13755e-10
8.09542e-10
8.05351e-10
8.01183e-10
7.97037e-10
7.92912e-10
7.88809e-10
7.84728e-10
7.80669e-10
7.7663e-10
7.72614e-10
7.68618e-10
7.64643e-10
7.6069e-10
7.56757e-10
7.52845e-10
7.48953e-10
7.45082e-10
7.41232e-10
7.37402e-10
7.33592e-10
7.29801e-10
7.26031e-10
7.22281e-10
7.18551e-10
7.1484e-10
7.11149e-10
7.07477e-10
7.03824e-10
7.00191e-10
6.96577e-10
6.92982e-10
6.89405e-10
6.85848e-10
6.82309e-10
6.78789e-10
6.75287e-10
6.71804e-10
6.68339e-10
6.64892e-10
6.61464e-10
6.58053e-10
6.54661e-10
6.51286e-10
6.47929e-10
6.44589e-10
6.41267e-10
6.37963e-10
6.34675e-10
6.31406e-10
6.28153e-10
6.24917e-10
6.21698e-10
6.18497e-10
6.15312e-10
6.12143e-10
6.08992e-10
6.05857e-10
6.02738e-10
5.99636e-10
5.96549e-10
5.9348e-10
5.90426e-10
5.87388e-10
5.84366e-10
5.8136e-10
5.7837e-10
5.75395e-10
5.72436e-10
5.69492e-10
5.66564e-10
5.63651e-10
5.60754e-10
5.57871e-10
5.55004e-10
5.52152e-10
5.49314e-10
5.46492e-10
5.43684e-10
5.40891e-10
5.38113e-10
5.35349e-10
5.32599e-10
5.29864e-10
5.27143e-10
5.24437e-10
5.21744e-10
5.19066e-10
5.16402e-10
5.13751e-10
5.11115e-10
5.08492e-10
5.05883e-10
5.03287e-10
5.00705e-10
4.98137e-10
4.95582e-10
4.9304e-10
4.90512e-10
4.87996e-10
4.85494e-10
4.83005e-10
4.80529e-10
4.78066e-10
4.75616e-10
4.73178e-10
4.70753e-10
4.68341e-10
4.65942e-10
4.63555e-10
4.6118e-10
4.58818e-10
4.56468e-10
4.5413e-10
4.51805e-10
4.49491e-10
4.4719e-10
4.44901e-10
4.42623e-10
4.40358e-10
4.38104e-10
4.35862e-10
4.33632e-10
4.31413e-10
4.29206e-10
4.2701e-10
4.24826e-10
4.22653e-10
4.20491e-10
4.18341e-10
4.16202e-10
4.14074e-10
4.11957e-10
4.09851e-10
4.07756e-10
4.05671e-10
4.03598e-10
4.01536e-10
3.99484e-10
3.97443e-10
3.95412e-10
3.93392e-10
3.91383e-10
3.89384e-10
3.87395e-10
3.85417e-10
3.83449e-10
3.81491e-10
3.79543e-10
3.77606e-10
3.75678e-10
3.73761e-10
3.71853e-10
3.69955e-10
3.68068e-10
3.6619e-10
3.64321e-10
3.62463e-10
3.60614e-10
3.58774e-10
3.56945e-10
3.55124e-10
3.53313e-10
3.51512e-10
3.4972e-10
3.47937e-10
3.46163e-10
3.44399e-10
3.42643e-10
3.40897e-10
3.3916e-10
3.37432e-10
3.35713e-10
3.34002e-10
3.32301e-10
3.30608e-10
3.28924e-10
3.27249e-10
3.25583e-10
3.23925e-10
3.22276e-10
3.20635e-10
3.19003e-10
3.17379e-10
3.15763e-10
3.14156e-10
3.12558e-10
3.10967e-10
3.09385e-10
3.07811e-10
3.06245e-10
3.04687e-10
3.03137e-10
3.01595e-10
3.00061e-10
2.98536e-10
2.97018e-10
2.95507e-10
2.94005e-10
2.9251e-10
2.91023e-10
2.89544e-10
2.88073e-10
2.86609e-10
2.85152e-10
2.83703e-10
2.82262e-10
2.80828e-10
2.79401e-10
2.77982e-10
2.7657e-10
2.75166e-10
2.73768e-10
2.72378e-10
2.70995e-10
2.69619e-10
2.6825e-10
2.66889e-10
2.65534e-10
2.64186e-10
2.62845e-10
2.61512e-10
2.60185e-10
2.58864e-10
2.57551e-10
2.56245e-10
2.54945e-10
2.53651e-10
2.52365e-10
2.51085e-10
2.49812e-10
2.48545e-10
2.47285e-10
2.46031e-10
2.44784e-10
2.43543e-10
2.42309e-10
2.41081e-10
2.39859e-10
2.38643e-10
2.37434e-10
2.36231e-10
2.35034e-10
2.33843e-10
2.32659e-10
2.3148e-10
2.30308e-10
2.29142e-10
2.27981e-10
2.26827e-10
2.25678e-10
2.24536e-10
2.23399e-10
2.22268e-10
2.21143e-10
2.20024e-10
2.1891e-10
2.17802e-10
2.167e-10
2.15604e-10
2.14513e-10
2.13428e-10
2.12348e-10
2.11274e-10
2.10205e-10
2.09142e-10
2.08085e-10
2.07032e-10
2.05985e-10
2.04944e-10
2.03908e-10
2.02877e-10
2.01852e-10
2.00831e-10
1.99816e-10
1.98806e-10
1.97802e-10
1.96802e-10
1.95808e-10
1.94819e-10
1.93834e-10
1.92855e-10
1.91881e-10
1.90912e-10
1.89948e-10
1.88988e-10
1.88034e-10
1.87085e-10
1.8614e-10
1.852e-10
1.84265e-10
1.83335e-10
1.8241e-10
1.81489e-10
1.80573e-10
1.79662e-10
1.78755e-10
1.77853e-10
1.76956e-10
1.76063e-10
1.75175e-10
1.74292e-10
1.73412e-10
1.72538e-10
1.71668e-10
1.70802e-10
1.69941e-10
1.69084e-10
1.68231e-10
1.67383e-10
1.66539e-10
1.657e-10
1.64865e-10
1.64034e-10
1.63207e-10
1.62385e-10
1.61566e-10
1.60752e-10
1.59943e-10
1.59137e-10
1.58335e-10
1.57538e-10
1.56744e-10
1.55955e-10
1.55169e-10
1.54388e-10
1.5361e-10
1.52837e-10
1.52067e-10
1.51302e-10
1.5054e-10
1.49782e-10
1.49029e-10
1.48278e-10
1.47532e-10
1.4679e-10
1.46051e-10
1.45316e-10
1.44585e-10
1.43858e-10
1.43134e-10
1.42414e-10
1.41698e-10
1.40985e-10
1.40276e-10
1.39571e-10
1.38869e-10
1.3817e-10
1.37476e-10
1.36785e-10
1.36097e-10
1.35413e-10
1.34732e-10
1.34055e-10
1.33381e-10
1.32711e-10
1.32044e-10
1.31381e-10
1.3072e-10
1.30064e-10
1.2941e-10
1.2876e-10
1.28113e-10
1.2747e-10
1.2683e-10
1.26193e-10
1.25559e-10
1.24928e-10
1.24301e-10
1.23677e-10
1.23056e-10
1.22438e-10
1.21824e-10
1.21212e-10
1.20604e-10
1.19999e-10
1.19396e-10
1.18797e-10
1.18201e-10
1.17608e-10
1.17018e-10
1.16431e-10
1.15847e-10
1.15266e-10
1.14687e-10
1.14112e-10
1.1354e-10
1.1297e-10
1.12404e-10
1.1184e-10
1.11279e-10
1.10722e-10
1.10166e-10
1.09614e-10
1.09065e-10
1.08518e-10
1.07974e-10
1.07433e-10
1.06895e-10
1.06359e-10
1.05826e-10
1.05296e-10
1.04768e-10
1.04243e-10
1.03721e-10
1.03201e-10
1.02684e-10
1.0217e-10
1.01658e-10
1.01149e-10
1.00643e-10
1.00139e-10
9.96374e-11
9.91385e-11
9.86422e-11
9.81483e-11
9.7657e-11
9.71682e-11
9.66818e-11
9.61979e-11
9.57165e-11
9.52375e-11
9.47609e-11
9.42867e-11
9.3815e-11
9.33456e-11
9.28786e-11
9.2414e-11
9.19517e-11
9.14917e-11
9.10341e-11
9.05788e-11
9.01258e-11
8.96751e-11
8.92267e-11
8.87806e-11
8.83367e-11
8.7895e-11
8.74556e-11
8.70184e-11
8.65835e-11
8.61507e-11
8.57201e-11
8.52917e-11
8.48654e-11
8.44413e-11
8.40194e-11
8.35996e-11
8.31819e-11
8.27663e-11
8.23528e-11
8.19415e-11
8.15321e-11
8.11249e-11
8.07197e-11
8.03166e-11
7.99155e-11
7.95164e-11
7.91194e-11
7.87243e-11
7.83313e-11
7.79402e-11
7.75511e-11
7.7164e-11
7.67788e-11
7.63955e-11
7.60143e-11
7.56349e-11
7.52574e-11
7.48819e-11
7.45082e-11
7.41364e-11
7.37666e-11
7.33985e-11
7.30324e-11
7.2668e-11
7.23055e-11
7.19449e-11
7.15861e-11
7.1229e-11
7.08738e-11
7.05204e-11
7.01687e-11
6.98188e-11
6.94707e-11
6.91244e-11
6.87797e-11
6.84369e-11
6.80957e-11
6.77563e-11
6.74186e-11
6.70826e-11
6.67482e-11
6.64156e-11
6.60846e-11
6.57553e-11
6.54277e-11
6.51017e-11
6.47774e-11
6.44547e-11
6.41336e-11
6.38141e-11
6.34963e-11
6.318e-11
6.28653e-11
6.25523e-11
6.22408e-11
6.19308e-11
6.16224e-11
6.13156e-11
6.10103e-11
6.07066e-11
6.04044e-11
6.01037e-11
5.98045e-11
5.95068e-11
5.92107e-11
5.8916e-11
5.86228e-11
5.8331e-11
5.80408e-11
5.7752e-11
5.74646e-11
5.71787e-11
5.68942e-11
5.66112e-11
5.63296e-11
5.60494e-11
5.57706e-11
5.54932e-11
5.52172e-11
5.49426e-11
5.46694e-11
5.43975e-11
5.4127e-11
5.38579e-11
5.35901e-11
5.33237e-11
5.30586e-11
5.27948e-11
5.25324e-11
5.22713e-11
5.20115e-11
5.1753e-11
5.14958e-11
5.12399e-11
5.09852e-11
5.07319e-11
5.04798e-11
5.0229e-11
4.99794e-11
4.97311e-11
4.94841e-11
4.92383e-11
4.89937e-11
4.87503e-11
4.85082e-11
4.82673e-11
4.80276e-11
4.77891e-11
4.75518e-11
4.73156e-11
4.70807e-11
4.68469e-11
4.66144e-11
4.63829e-11
4.61527e-11
4.59236e-11
4.56956e-11
4.54688e-11
4.52431e-11
4.50186e-11
4.47952e-11
4.45729e-11
4.43517e-11
4.41316e-11
4.39127e-11
4.36948e-11
4.3478e-11
4.32623e-11
4.30477e-11
4.28342e-11
4.26217e-11
4.24103e-11
4.21999e-11
4.19906e-11
4.17824e-11
4.15752e-11
4.1369e-11
4.11639e-11
4.09598e-11
4.07567e-11
4.05546e-11
4.03536e-11
4.01535e-11
3.99545e-11
3.97564e-11
3.95594e-11
3.93633e-11
3.91682e-11
3.89741e-11
3.87809e-11
3.85888e-11
3.83975e-11
3.82073e-11
3.8018e-11
3.78296e-11
3.76422e-11
3.74557e-11
3.72702e-11
3.70855e-11
3.69018e-11
3.67191e-11
3.65372e-11
3.63562e-11
3.61762e-11
3.5997e-11
3.58188e-11
3.56414e-11
3.54649e-11
3.52893e-11
3.51146e-11
3.49408e-11
3.47678e-11
3.45957e-11
3.44244e-11
3.4254e-11
3.40845e-11
3.39158e-11
3.37479e-11
3.35809e-11
3.34147e-11
3.32494e-11
3.30849e-11
3.29211e-11
3.27583e-11
3.25962e-11
3.24349e-11
3.22745e-11
3.21148e-11
3.19559e-11
3.17979e-11
3.16406e-11
3.14841e-11
3.13284e-11
3.11734e-11
3.10193e-11
3.08659e-11
3.07133e-11
3.05614e-11
3.04103e-11
3.02599e-11
3.01103e-11
2.99615e-11
2.98133e-11
2.9666e-11
2.95193e-11
2.93734e-11
2.92282e-11
2.90838e-11
2.894e-11
2.8797e-11
2.86547e-11
2.85131e-11
2.83722e-11
2.8232e-11
2.80925e-11
2.79537e-11
2.78156e-11
2.76782e-11
2.75415e-11
2.74054e-11
2.727e-11
2.71353e-11
2.70013e-11
2.6868e-11
2.67353e-11
2.66032e-11
2.64718e-11
2.63411e-11
2.62111e-11
2.60816e-11
2.59529e-11
2.58247e-11
2.56972e-11
2.55704e-11
2.54441e-11
2.53185e-11
2.51935e-11
2.50692e-11
2.49454e-11
2.48223e-11
2.46998e-11
2.45779e-11
2.44566e-11
2.43359e-11
2.42158e-11
2.40964e-11
2.39775e-11
2.38592e-11
2.37414e-11
2.36243e-11
2.35078e-11
2.33918e-11
2.32764e-11
2.31616e-11
2.30474e-11
2.29337e-11
2.28206e-11
2.2708e-11
2.2596e-11
2.24846e-11
2.23737e-11
2.22634e-11
2.21536e-11
2.20444e-11
2.19357e-11
2.18275e-11
2.17199e-11
2.16129e-11
2.15063e-11
2.14003e-11
2.12948e-11
2.11898e-11
2.10854e-11
2.09815e-11
2.08781e-11
2.07752e-11
2.06728e-11
2.05709e-11
2.04696e-11
2.03687e-11
2.02683e-11
2.01685e-11
2.00691e-11
1.99702e-11
1.98719e-11
1.9774e-11
1.96766e-11
1.95796e-11
1.94832e-11
1.93872e-11
1.92917e-11
1.91967e-11
1.91022e-11
1.90081e-11
1.89145e-11
1.88214e-11
1.87287e-11
1.86365e-11
1.85447e-11
1.84534e-11
1.83625e-11
1.82721e-11
1.81822e-11
1.80927e-11
1.80036e-11
1.7915e-11
1.78268e-11
1.77391e-11
1.76518e-11
1.75649e-11
1.74784e-11
1.73924e-11
1.73068e-11
1.72217e-11
1.71369e-11
1.70526e-11
1.69687e-11
1.68852e-11
1.68021e-11
1.67195e-11
1.66372e-11
1.65554e-11
1.64739e-11
1.63929e-11
1.63123e-11
1.6232e-11
1.61522e-11
1.60728e-11
1.59937e-11
1.59151e-11
1.58368e-11
1.57589e-11
1.56814e-11
1.56043e-11
1.55276e-11
1.54512e-11
1.53753e-11
1.52997e-11
1.52245e-11
1.51496e-11
1.50751e-11
1.5001e-11
1.49273e-11
1.48539e-11
1.47809e-11
1.47083e-11
1.4636e-11
1.45641e-11
1.44925e-11
1.44213e-11
1.43504e-11
1.42799e-11
1.42097e-11
1.41399e-11
1.40704e-11
1.40013e-11
1.39325e-11
1.38641e-11
1.37959e-11
1.37282e-11
1.36607e-11
1.35936e-11
1.35269e-11
1.34604e-11
1.33943e-11
1.33285e-11
1.32631e-11
1.31979e-11
1.31331e-11
1.30686e-11
1.30044e-11
1.29406e-11
1.2877e-11
1.28138e-11
1.27509e-11
1.26883e-11
1.2626e-11
1.2564e-11
1.25023e-11
1.2441e-11
1.23799e-11
1.23191e-11
1.22587e-11
1.21985e-11
1.21386e-11
1.20791e-11
1.20198e-11
1.19608e-11
1.19021e-11
1.18437e-11
1.17856e-11
1.17277e-11
1.16702e-11
1.16129e-11
1.15559e-11
1.14992e-11
1.14428e-11
1.13867e-11
1.13308e-11
1.12753e-11
1.12199e-11
1.11649e-11
1.11101e-11
1.10556e-11
1.10014e-11
1.09475e-11
1.08938e-11
1.08403e-11
1.07872e-11
1.07343e-11
1.06816e-11
1.06293e-11
1.05771e-11
1.05253e-11
1.04737e-11
1.04223e-11
1.03712e-11
1.03204e-11
1.02698e-11
1.02194e-11
1.01693e-11
1.01195e-11
1.00699e-11
1.00205e-11
9.97142e-12
9.92254e-12
9.87391e-12
9.82552e-12
9.77737e-12
9.72945e-12
9.68177e-12
9.63433e-12
9.58712e-12
9.54014e-12
9.49339e-12
9.44688e-12
9.40059e-12
9.35454e-12
9.30871e-12
9.2631e-12
9.21772e-12
9.17257e-12
9.12764e-12
9.08292e-12
9.03843e-12
8.99416e-12
8.95011e-12
8.90627e-12
8.86265e-12
8.81925e-12
8.77606e-12
8.73308e-12
8.69031e-12
8.64776e-12
8.60541e-12
8.56327e-12
8.52134e-12
8.47962e-12
8.4381e-12
8.39679e-12
8.35568e-12
8.31478e-12
8.27407e-12
8.23357e-12
8.19326e-12
8.15316e-12
8.11325e-12
8.07353e-12
8.03402e-12
7.9947e-12
7.95557e-12
7.91663e-12
7.87789e-12
7.83933e-12
7.80097e-12
7.7628e-12
7.72481e-12
7.68701e-12
7.6494e-12
7.61197e-12
7.57473e-12
7.53767e-12
7.50079e-12
7.46409e-12
7.42758e-12
7.39124e-12
7.35508e-12
7.3191e-12
7.2833e-12
7.24768e-12
7.21223e-12
7.17695e-12
7.14185e-12
7.10692e-12
7.07216e-12
7.03757e-12
7.00316e-12
6.96891e-12
6.93483e-12
6.90092e-12
6.86717e-12
6.83359e-12
6.80018e-12
6.76693e-12
6.73385e-12
6.70092e-12
6.66816e-12
6.63556e-12
6.60313e-12
6.57085e-12
6.53872e-12
6.50676e-12
6.47496e-12
6.44331e-12
6.41181e-12
6.38047e-12
6.34929e-12
6.31826e-12
6.28738e-12
6.25665e-12
6.22607e-12
6.19565e-12
6.16537e-12
6.13525e-12
6.10527e-12
6.07543e-12
6.04575e-12
6.01621e-12
5.98681e-12
5.95756e-12
5.92846e-12
5.8995e-12
5.87067e-12
5.842e-12
5.81346e-12
5.78506e-12
5.7568e-12
5.72868e-12
5.7007e-12
5.67285e-12
5.64515e-12
5.61758e-12
5.59014e-12
5.56284e-12
5.53567e-12
5.50864e-12
5.48174e-12
5.45497e-12
5.42833e-12
5.40183e-12
5.37545e-12
5.3492e-12
5.32308e-12
5.29709e-12
5.27123e-12
5.2455e-12
5.21989e-12
5.19441e-12
5.16905e-12
5.14381e-12
5.1187e-12
5.09372e-12
5.06885e-12
5.04411e-12
5.01949e-12
4.99499e-12
4.97061e-12
4.94636e-12
4.92221e-12
4.89819e-12
4.87429e-12
4.8505e-12
4.82683e-12
4.80328e-12
4.77984e-12
4.75652e-12
4.73331e-12
4.71021e-12
4.68723e-12
4.66436e-12
4.6416e-12
4.61896e-12
4.59643e-12
4.574e-12
4.55169e-12
4.52948e-12
4.50739e-12
4.4854e-12
4.46352e-12
4.44175e-12
4.42009e-12
4.39853e-12
4.37707e-12
4.35573e-12
4.33448e-12
4.31334e-12
4.29231e-12
4.27138e-12
4.25055e-12
4.22982e-12
4.20919e-12
4.18867e-12
4.16824e-12
4.14792e-12
4.12769e-12
4.10757e-12
4.08754e-12
4.06761e-12
4.04778e-12
4.02805e-12
4.00841e-12
3.98887e-12
3.96943e-12
3.95008e-12
3.93082e-12
3.91166e-12
3.89259e-12
3.87362e-12
3.85474e-12
3.83595e-12
3.81726e-12
3.79865e-12
3.78014e-12
3.76172e-12
3.74339e-12
3.72514e-12
3.70699e-12
3.68893e-12
3.67095e-12
3.65306e-12
3.63526e-12
3.61755e-12
3.59992e-12
3.58238e-12
3.56493e-12
3.54756e-12
3.53028e-12
3.51308e-12
3.49596e-12
3.47893e-12
3.46199e-12
3.44512e-12
3.42834e-12
3.41164e-12
3.39502e-12
3.37849e-12
3.36203e-12
3.34566e-12
3.32936e-12
3.31314e-12
3.29701e-12
3.28095e-12
3.26497e-12
3.24907e-12
3.23325e-12
3.21751e-12
3.20184e-12
3.18625e-12
3.17073e-12
3.15529e-12
3.13993e-12
3.12464e-12
3.10943e-12
3.09429e-12
3.07923e-12
3.06423e-12
3.04932e-12
3.03447e-12
3.0197e-12
3.005e-12
2.99037e-12
2.97581e-12
2.96133e-12
2.94691e-12
2.93257e-12
2.9183e-12
2.90409e-12
2.88996e-12
2.87589e-12
2.8619e-12
2.84797e-12
2.83411e-12
2.82031e-12
2.80659e-12
2.79293e-12
2.77934e-12
2.76582e-12
2.75236e-12
2.73896e-12
2.72564e-12
2.71238e-12
2.69918e-12
2.68605e-12
2.67298e-12
2.65997e-12
2.64703e-12
2.63415e-12
2.62134e-12
2.60859e-12
2.5959e-12
2.58327e-12
2.5707e-12
2.5582e-12
2.54575e-12
2.53337e-12
2.52105e-12
2.50879e-12
2.49658e-12
2.48444e-12
2.47236e-12
2.46033e-12
2.44837e-12
2.43646e-12
2.42461e-12
2.41282e-12
2.40109e-12
2.38941e-12
2.37779e-12
2.36623e-12
2.35472e-12
2.34327e-12
2.33188e-12
2.32054e-12
2.30926e-12
2.29803e-12
2.28686e-12
2.27574e-12
2.26468e-12
2.25367e-12
2.24271e-12
2.23181e-12
2.22096e-12
2.21016e-12
2.19942e-12
2.18873e-12
2.17809e-12
2.1675e-12
2.15696e-12
2.14648e-12
2.13605e-12
2.12567e-12
2.11533e-12
2.10505e-12
2.09482e-12
2.08464e-12
2.07451e-12
2.06443e-12
2.0544e-12
2.04441e-12
2.03448e-12
2.02459e-12
2.01476e-12
2.00497e-12
1.99522e-12
1.98553e-12
1.97588e-12
1.96628e-12
1.95673e-12
1.94722e-12
1.93776e-12
1.92835e-12
1.91898e-12
1.90966e-12
1.90038e-12
1.89115e-12
1.88196e-12
1.87282e-12
1.86372e-12
1.85467e-12
1.84566e-12
1.83669e-12
1.82777e-12
1.8189e-12
1.81006e-12
1.80127e-12
1.79252e-12
1.78382e-12
1.77515e-12
1.76653e-12
1.75795e-12
1.74941e-12
1.74092e-12
1.73247e-12
1.72405e-12
1.71568e-12
1.70735e-12
1.69906e-12
1.69081e-12
1.6826e-12
1.67443e-12
1.6663e-12
1.65821e-12
1.65016e-12
1.64215e-12
1.63417e-12
1.62624e-12
1.61835e-12
1.61049e-12
1.60267e-12
1.59489e-12
1.58715e-12
1.57944e-12
1.57178e-12
1.56415e-12
1.55655e-12
1.549e-12
1.54148e-12
1.534e-12
1.52655e-12
1.51914e-12
1.51177e-12
1.50443e-12
1.49713e-12
1.48987e-12
1.48264e-12
1.47544e-12
1.46828e-12
1.46116e-12
1.45407e-12
1.44701e-12
1.43999e-12
1.433e-12
1.42605e-12
1.41913e-12
1.41224e-12
1.40539e-12
1.39857e-12
1.39178e-12
1.38503e-12
1.37831e-12
1.37162e-12
1.36497e-12
1.35835e-12
1.35176e-12
1.3452e-12
1.33868e-12
1.33218e-12
1.32572e-12
1.31929e-12
1.31289e-12
1.30652e-12
1.30018e-12
1.29388e-12
1.2876e-12
1.28135e-12
1.27514e-12
1.26896e-12
1.2628e-12
1.25668e-12
1.25058e-12
1.24452e-12
1.23848e-12
1.23247e-12
1.2265e-12
1.22055e-12
1.21463e-12
1.20874e-12
1.20288e-12
1.19705e-12
1.19124e-12
1.18547e-12
1.17972e-12
1.174e-12
1.16831e-12
1.16264e-12
1.157e-12
1.15139e-12
1.14581e-12
1.14026e-12
1.13473e-12
1.12923e-12
1.12375e-12
1.1183e-12
1.11288e-12
1.10749e-12
1.10212e-12
1.09678e-12
1.09146e-12
1.08617e-12
1.0809e-12
1.07567e-12
1.07045e-12
1.06526e-12
1.0601e-12
1.05496e-12
1.04985e-12
1.04476e-12
1.0397e-12
1.03466e-12
1.02964e-12
1.02465e-12
1.01969e-12
1.01475e-12
1.00983e-12
1.00493e-12
1.00006e-12
9.95219e-13
9.90396e-13
9.85597e-13
9.80821e-13
9.76069e-13
9.71339e-13
9.66633e-13
9.61949e-13
9.57288e-13
9.5265e-13
9.48034e-13
9.43441e-13
9.3887e-13
9.34322e-13
9.29795e-13
9.25291e-13
9.20808e-13
9.16347e-13
9.11908e-13
9.0749e-13
9.03094e-13
8.9872e-13
8.94366e-13
8.90034e-13
8.85723e-13
8.81432e-13
8.77163e-13
8.72914e-13
8.68686e-13
8.64479e-13
8.60292e-13
8.56125e-13
8.51979e-13
8.47852e-13
8.43746e-13
8.3966e-13
8.35593e-13
8.31547e-13
8.2752e-13
8.23512e-13
8.19524e-13
8.15556e-13
8.11606e-13
8.07676e-13
8.03765e-13
7.99873e-13
7.96e-13
7.92146e-13
7.8831e-13
7.84493e-13
7.80695e-13
7.76915e-13
7.73153e-13
7.6941e-13
7.65685e-13
7.61978e-13
7.58289e-13
7.54618e-13
7.50964e-13
7.47329e-13
7.43711e-13
7.40111e-13
7.36528e-13
7.32962e-13
7.29414e-13
7.25883e-13
7.2237e-13
7.18873e-13
7.15393e-13
7.1193e-13
7.08485e-13
7.05055e-13
7.01643e-13
6.98247e-13
6.94867e-13
6.91504e-13
6.88157e-13
6.84827e-13
6.81512e-13
6.78214e-13
6.74932e-13
6.71665e-13
6.68415e-13
6.6518e-13
6.61961e-13
6.58758e-13
6.5557e-13
6.52398e-13
6.49241e-13
6.46099e-13
6.42973e-13
6.39862e-13
6.36765e-13
6.33684e-13
6.30618e-13
6.27567e-13
6.24531e-13
6.21509e-13
6.18502e-13
6.15509e-13
6.12532e-13
6.09568e-13
6.06619e-13
6.03684e-13
6.00764e-13
5.97857e-13
5.94965e-13
5.92087e-13
5.89223e-13
5.86372e-13
5.83536e-13
5.80713e-13
5.77904e-13
5.75109e-13
5.72327e-13
5.69558e-13
5.66803e-13
5.64062e-13
5.61334e-13
5.58619e-13
5.55917e-13
5.53228e-13
5.50552e-13
5.47889e-13
5.4524e-13
5.42603e-13
5.39979e-13
5.37367e-13
5.34768e-13
5.32182e-13
5.29609e-13
5.27047e-13
5.24499e-13
5.21962e-13
5.19438e-13
5.16926e-13
5.14427e-13
5.11939e-13
5.09464e-13
5.07e-13
5.04549e-13
5.02109e-13
4.99681e-13
4.97265e-13
4.94861e-13
4.92469e-13
4.90087e-13
4.87718e-13
4.8536e-13
4.83013e-13
4.80678e-13
4.78354e-13
4.76042e-13
4.7374e-13
4.7145e-13
4.69171e-13
4.66903e-13
4.64646e-13
4.624e-13
4.60164e-13
4.5794e-13
4.55726e-13
4.53524e-13
4.51331e-13
4.4915e-13
4.46979e-13
4.44818e-13
4.42668e-13
4.40529e-13
4.38399e-13
4.3628e-13
4.34172e-13
4.32073e-13
4.29985e-13
4.27907e-13
4.25839e-13
4.23781e-13
4.21733e-13
4.19695e-13
4.17666e-13
4.15648e-13
4.13639e-13
4.1164e-13
4.09651e-13
4.07672e-13
4.05702e-13
4.03741e-13
4.0179e-13
3.99849e-13
3.97917e-13
3.95994e-13
3.9408e-13
3.92176e-13
3.90281e-13
3.88396e-13
3.86519e-13
3.84651e-13
3.82793e-13
3.80944e-13
3.79103e-13
3.77271e-13
3.75449e-13
3.73635e-13
3.7183e-13
3.70033e-13
3.68246e-13
3.66467e-13
3.64696e-13
3.62935e-13
3.61181e-13
3.59436e-13
3.577e-13
3.55972e-13
3.54253e-13
3.52541e-13
3.50839e-13
3.49144e-13
3.47457e-13
3.45779e-13
3.44109e-13
3.42447e-13
3.40793e-13
3.39147e-13
3.37509e-13
3.35879e-13
3.34256e-13
3.32642e-13
3.31035e-13
3.29437e-13
3.27846e-13
3.26262e-13
3.24687e-13
3.23119e-13
3.21558e-13
3.20005e-13
3.1846e-13
3.16922e-13
3.15391e-13
3.13868e-13
3.12353e-13
3.10844e-13
3.09343e-13
3.0785e-13
3.06363e-13
3.04884e-13
3.03412e-13
3.01947e-13
3.00489e-13
2.99038e-13
2.97594e-13
2.96157e-13
2.94727e-13
2.93304e-13
2.91888e-13
2.90479e-13
2.89076e-13
2.87681e-13
2.86292e-13
2.84909e-13
2.83534e-13
2.82165e-13
2.80803e-13
2.79447e-13
2.78098e-13
2.76756e-13
2.7542e-13
2.7409e-13
2.72767e-13
2.7145e-13
2.7014e-13
2.68836e-13
2.67538e-13
2.66247e-13
2.64962e-13
2.63683e-13
2.6241e-13
2.61143e-13
2.59883e-13
2.58628e-13
2.5738e-13
2.56138e-13
2.54902e-13
2.53671e-13
2.52447e-13
2.51229e-13
2.50016e-13
2.48809e-13
2.47609e-13
2.46414e-13
2.45224e-13
2.44041e-13
2.42863e-13
2.41691e-13
2.40525e-13
2.39364e-13
2.38209e-13
2.37059e-13
2.35915e-13
2.34777e-13
2.33644e-13
2.32517e-13
2.31395e-13
2.30278e-13
2.29167e-13
2.28061e-13
2.26961e-13
2.25865e-13
2.24776e-13
2.23691e-13
2.22612e-13
2.21538e-13
2.20469e-13
2.19405e-13
2.18347e-13
2.17293e-13
2.16245e-13
2.15201e-13
2.14163e-13
2.1313e-13
2.12102e-13
2.11078e-13
2.1006e-13
2.09047e-13
2.08038e-13
2.07035e-13
2.06036e-13
2.05042e-13
2.04053e-13
2.03068e-13
2.02089e-13
2.01114e-13
2.00144e-13
1.99178e-13
1.98218e-13
1.97261e-13
1.9631e-13
1.95363e-13
1.94421e-13
1.93483e-13
1.9255e-13
1.91621e-13
1.90697e-13
1.89777e-13
1.88862e-13
1.87951e-13
1.87044e-13
1.86142e-13
1.85244e-13
1.84351e-13
1.83462e-13
1.82577e-13
1.81696e-13
1.8082e-13
1.79948e-13
1.7908e-13
1.78217e-13
1.77357e-13
1.76502e-13
1.75651e-13
1.74804e-13
1.73961e-13
1.73122e-13
1.72287e-13
1.71456e-13
1.70629e-13
1.69807e-13
1.68988e-13
1.68173e-13
1.67362e-13
1.66555e-13
1.65752e-13
1.64953e-13
1.64157e-13
1.63366e-13
1.62578e-13
1.61794e-13
1.61014e-13
1.60238e-13
1.59465e-13
1.58696e-13
1.57931e-13
1.5717e-13
1.56412e-13
1.55658e-13
1.54907e-13
1.54161e-13
1.53417e-13
1.52678e-13
1.51942e-13
1.51209e-13
1.5048e-13
1.49755e-13
1.49033e-13
1.48314e-13
1.47599e-13
1.46888e-13
1.4618e-13
1.45475e-13
1.44774e-13
1.44076e-13
1.43382e-13
1.4269e-13
1.42003e-13
1.41318e-13
1.40637e-13
1.39959e-13
1.39284e-13
1.38613e-13
1.37945e-13
1.3728e-13
1.36618e-13
1.3596e-13
1.35305e-13
1.34652e-13
1.34004e-13
1.33358e-13
1.32715e-13
1.32075e-13
1.31439e-13
1.30805e-13
1.30175e-13
1.29548e-13
1.28923e-13
1.28302e-13
1.27684e-13
1.27068e-13
1.26456e-13
1.25846e-13
1.2524e-13
1.24636e-13
1.24036e-13
1.23438e-13
1.22843e-13
1.22251e-13
1.21662e-13
1.21076e-13
1.20493e-13
1.19912e-13
1.19334e-13
1.18759e-13
1.18187e-13
1.17617e-13
1.17051e-13
1.16487e-13
1.15925e-13
1.15367e-13
1.14811e-13
1.14258e-13
1.13707e-13
1.13159e-13
1.12614e-13
1.12072e-13
1.11532e-13
1.10994e-13
1.1046e-13
1.09927e-13
1.09398e-13
1.08871e-13
1.08346e-13
1.07824e-13
1.07305e-13
1.06788e-13
1.06273e-13
1.05761e-13
1.05252e-13
1.04745e-13
1.0424e-13
1.03738e-13
1.03238e-13
1.02741e-13
1.02246e-13
1.01754e-13
1.01263e-13
1.00776e-13
1.0029e-13
9.98071e-14
9.93263e-14
